guide_nav_main:
  ros__parameters:
    ciencia:
      x: -2.0332043170928955
      y: -3.188460111618042
      w: 1.0
    literatura:
      x: 0.7435613870620728
      y: -8.591914176940918
      w: -1.57
    historia:
      x: 5.626585006713867
      y: -8.66050910949707
      w: -1.57
    infantil:
      x: 3.1132872104644775
      y: -0.3175515830516815
      w: 1.57
    arr: ["ciencia", "literatura", "historia", "infantil","Buscar QR"]
    size: 5

