guide_nav_main:
  ros__parameters:
    ciencia:
      x: 5.431477069854736
      y: -19.797990798950195
      w: 1.0
    literatura:
      x: 4.330002784729004
      y: -3.703226089477539
      w: 1.0
    historia:
      x: 21.521137237548828
      y: -21.340070724487305
      w: 1.0
    infantil:
      x: 22.671804428100586
      y: -7.758427143096924
      w: 1.0
    arr: ["ciencia", "literatura", "historia", "infantil"]
    size: 4

