guide_nav_main:
  ros__parameters:
    ciencia:
      x: 4.318753719329834
      y: -8.383990287780762
      w: 1.0
    literatura:
      x: -1.6910780668258667
      y: -3.2813472747802734
      w: 1.0
    historia:
      x: -1.7927409410476685
      y: -7.12657356262207
      w: 1.0
    infantil:
      x: 4.666487693786621
      y: -4.666806697845459
      w: 1.0
    arr: ["ciencia", "literatura", "historia", "infantil","Buscar QR"]
    size: 5

